{
   "SEIR": {
      "beta": 0.14663810392464713,
      "sigma": 15.760004176832581,
      "gamma": 0.1190359988506418
   },
   "SEIRP": {
      "alpha": 0.07857877806639593,
      "beta": 0.8033507529007401,
      "sigma": 0.13889549106916346,
      "gamma": 0.024872143950524284
   },
   "SEIQR": {
      "beta": 0.13323529136813883,
      "sigma": 5.45551619808294,
      "gamma": 0.10363086711495977,
      "lambda": 0.7652522426471923
   },
   "SEIQRDP": {
      "alpha": 0.0502176919955858,
      "beta": 0.3614141847136034,
      "sigma": 0.7085508497937059,
      "gamma": 0.03939317858228255,
      "lambda": 0.7652522426471923,
      "l1": 0.04078310059573592,
      "l2": 0.2823905711192887,
      "l3": 13.088725496012954,
      "k1": 0.020114792534408007,
      "k2": 1.37860956520742e-10,
      "k3": 4.362924640965279
   }
}