{
   "SIS": {
      "beta": 0.02085308628752264
   },
   "SIR": {
      "beta": 0.14464130265318725,
      "gamma": 0.12015033415549264
   },
   "SEI": {
      "beta": 0.14566402868860248,
      "sigma": 10.0
   },
   "SEIR": {
      "beta": 0.1412002610196469,
      "sigma": 15.760004048105674,
      "gamma": 0.12339603173859648
   },
   "SEIRP": {
      "alpha": 0.07853477434538006,
      "beta": 0.7616425475558144,
      "sigma": 0.13890415113386193,
      "gamma": 0.024874275158811975
   },
   "SEIQR": {
      "beta": 0.42510045673621893,
      "sigma": 6.264777120735031,
      "gamma": 0.4024057834755663,
      "lambda": 0.7605970403614762
   },
   "SEIQRDP": {
      "alpha": 0.05147259885317063,
      "beta": 0.3613864622267582,
      "sigma": 0.7085552231421752,
      "gamma": 0.03779658171230293,
      "lambda": 0.7652522426471923,
      "l1": 0.04200347245807512,
      "l2": 0.28238858403789197,
      "l3": 13.088725468743496,
      "k1": 0.017808370889358115,
      "k2": 1.1999545226393063e-09,
      "k3": 4.3629246409542795
   }
}