{
   "SIS": {
      "beta": 0.020853086497424213
   },
   "SIR": {
      "beta": 0.14674515884660627,
      "gamma": 0.12015033415252539
   },
   "SEI": {
      "beta": 0.14566402868860248,
      "sigma": 10.0
   },
   "SEIR": {
      "beta": 0.14120034443295523,
      "sigma": 15.760004146355188,
      "gamma": 0.12339612235090283
   },
   "SEIRP": {
      "alpha": 0.07853477434546742,
      "beta": 0.7616425475558515,
      "sigma": 0.13890415113334842,
      "gamma": 0.024874275158721978
   },
   "SEIQR": {
      "beta": 0.3949289694578897,
      "sigma": 6.007399087987775,
      "gamma": 0.38942776651870903,
      "lambda": 0.7667120191531588
   },
   "SEIQRDP": {
      "alpha": 0.05147266928697009,
      "beta": 0.36138610484981754,
      "sigma": 0.7085551412218407,
      "gamma": 0.03779669831239593,
      "lambda": 0.7652522426471923,
      "l1": 0.042004064284086075,
      "l2": 0.2823885782899767,
      "l3": 13.088725468689184,
      "k1": 0.01780692239922866,
      "k2": 1.2170061786298459e-09,
      "k3": 4.362924640960932
   }
}