{
   "SIS": {
      "beta": 0.02085308628752264
   },
   "SIR": {
      "beta": 1.2000000000000002,
      "gamma": 1.1
   },
   "SEI": {
      "beta": 1.1500000000000001,
      "sigma": 1.4500000000000002
   },
   "SEIR": {
      "beta": 3.6500000000000004,
      "sigma": 0.8,
      "gamma": 3.0
   },
   "SEIRP": {
      "alpha": 0.08333333333333333,
      "beta": 0.9750000000000001,
      "sigma": 0.1,
      "gamma": 0.025
   },
   "SEIQR": {
      "beta": 0.40741687355338974,
      "sigma": 6.264777120735031,
      "gamma": 0.4024057834755663,
      "lambda": 0.7605970403614762
   },
   "SEIQRDP": {
      "alpha": 0.05147259885317063,
      "beta": 0.3613864622267582,
      "sigma": 0.7085552231421752,
      "gamma": 0.03779658171230293,
      "lambda": 0.7652522426471923,
      "l1": 0.04200347245807512,
      "l2": 0.28238858403789197,
      "l3": 13.088725468743496,
      "k1": 0.017808370889358115,
      "k2": 1.1999545226393063e-09,
      "k3": 4.3629246409542795
   }
}